1000 
1001 
1002 
1003 
1004 
1005 
1006 
1007 
1011 
1012 
1013 
1014 
1015 
1016 
1017 
1023
1026 
1027 
1028 
1029 
1030 
1031 
1032 
1033 
1034 
1035 
1024 
1025 
1142 
1143 
1144 
1145
1036 
1037 
1038 
1039 
1040 
1141 
1045 
1046 
1047 
1048 
1049 
1050 
1051 
1052 
1053 
1054
1055 
1056 
1057 
1058 
1059 
1060 
1061 
1062 
1063 
1064 
1065 
1066 
1067 
1068 
1069 
1070
1071 
1072 
1088 
1089 
1090 
1091 
1092 
1093 
1094 
1095 
1138 
1139 
1140 
1141 
1146 
1147
1148 
1149 
1150 
1151 
18646 
19419 
19314 
1151 
1152 
1153 
1154 
1155 
1156 
1157 
1158
1159 
1160 
1161 
1162 
1163 
1164 
1165 
1166 
1167 
1168 
1169 
1170 
1171 
1172 
1173