19006
19007
19008
19009
19010
19012
19022
19023
19029
19025
19039
19040
19041
19042
19043
19044
19045
19046
19047
19048
18891
18892
18896
18897
18898
18899
18901
18902
18903
18905
18929
18933
18926
18970
18957
18945
18935
18932
18930
18639
18911
18912
18913
18914
18918
18919
18920
18917
18916
18915
19067
18947
18948
18949
18950
18951
19904
19138
19139
19140
19064
19065
19066
19137
19528
19558
19036
19037
19038
18971
18970
18972
18946
19078
19079
11745
19317
19318
19319
19077
19142
19141
18962
19161
19162
18936
18937
18938
18645
19559
18964
18965
18968
1242
348
349
353
355
356
371
339
1210
2045
19878
3026
19515
19423
19424
19421
19422
18636
18638
336
18635
19894
19621
18634
19921
1550
2226
337
18637
19115
19590
19348
2780
19472